timestamp,cpm
2026-03-25_15-28-13,20
