timestamp,cpm
2026-03-25_08-51-25,13
