timestamp,cpm
2026-03-25_08-43-47,24
