timestamp,cpm
2026-03-27_20-29-34,22
