timestamp,cpm
2026-03-22_21-54-53,13
