timestamp,cpm
2026-03-23_22-08-17,16
